
~~mtxR~~

     1     1     1
     1     1     1
     1     1     1
     1     1     1
     1     1     1



~~Original residual: 2.236068~~



~~mtxZ~~

     1     1     1
     1     1     1
     1     1     1
     1     1     1
     1     1     1



~~mtxP~~

        -0.447213619947433
        -0.447213619947433
        -0.447213619947433
        -0.447213619947433
        -0.447213619947433



~~mtxQ~~

       -5.024253
       -5.355795
       -5.325258
       -5.053963
       -4.939924



~~mtxPQ_Inv~~

      0.08700926



~~mtxP'R~~

       -2.236068       -2.236068       -2.236068



~~mtxAlph~~

      -0.1945586      -0.1945586      -0.1945586



~~mtxSolX~~

      0.08700927      0.08700927      0.08700927
      0.08700927      0.08700927      0.08700927
      0.08700927      0.08700927      0.08700927
      0.08700927      0.08700927      0.08700927
      0.08700927      0.08700927      0.08700927



~~mtxR~~

      0.02248818      0.02248818      0.02248818
     -0.04201615     -0.04201615     -0.04201615
     -0.03607488     -0.03607488     -0.03607488
       0.0167079       0.0167079       0.0167079
      0.03889525      0.03889525      0.03889525



~~relative residue: 0.032755~~~ 



~~mtxZ~~

      0.02248818      0.02248818      0.02248818
     -0.04201615     -0.04201615     -0.04201615
     -0.03607488     -0.03607488     -0.03607488
       0.0167079       0.0167079       0.0167079
      0.03889525      0.03889525      0.03889525



~~mtxQTZ~~

      0.02757096      0.02757096      0.02757096



~~mtxBta~~

    -0.002398929    -0.002398929    -0.002398929



~~mtxZ + p * beta~~

      0.02356101      0.02356101      0.02356101
     -0.04094331     -0.04094331     -0.04094331
     -0.03500204     -0.03500204     -0.03500204
      0.01778073      0.01778073      0.01778073
      0.03996808      0.03996808      0.03996808



~~mtxP~~

        -0.321512460708618
          0.55871057510376
         0.477636247873306
        -0.242635026574135
        -0.545402586460114



~~mtxQ~~

        -3.26491
        6.279196
        5.609963
       -2.832324
       -5.791924



~~mtxPQ_Inv~~

       0.0902231



~~mtxP'R~~

     -0.07320325     -0.07320325     -0.07320325



~~mtxAlph~~

    -0.006604624    -0.006604624    -0.006604624



~~mtxSolX~~

      0.08913273      0.08913273      0.08913273
      0.08331919      0.08331919      0.08331919
      0.08385466      0.08385466      0.08385466
      0.08861178      0.08861178      0.08861178
      0.09061144      0.09061144      0.09061144



~~mtxR~~

    0.0009246748    0.0009246748    0.0009246748
   -0.0005444139   -0.0005444139   -0.0005444139
    0.0009768233    0.0009768233    0.0009768233
     -0.00199854     -0.00199854     -0.00199854
    0.0006417632    0.0006417632    0.0006417632



~~relative residue: 0.001141~~~ 



~~mtxZ~~

    0.0009246748    0.0009246748    0.0009246748
   -0.0005444139   -0.0005444139   -0.0005444139
    0.0009768233    0.0009768233    0.0009768233
     -0.00199854     -0.00199854     -0.00199854
    0.0006417632    0.0006417632    0.0006417632



~~mtxQTZ~~

    0.0009859505    0.0009859505    0.0009859505



~~mtxBta~~

   -8.895551e-05   -8.895551e-05   -8.895551e-05



~~mtxZ + p * beta~~

    0.0009532751    0.0009532751    0.0009532751
   -0.0005941143   -0.0005941143   -0.0005941143
    0.0009343349    0.0009343349    0.0009343349
    -0.001976956    -0.001976956    -0.001976956
    0.0006902798    0.0006902798    0.0006902798



~~mtxP~~

        -0.373344838619232
         0.232681527733803
        -0.365927010774612
         0.774263799190521
        -0.270344197750092



~~mtxQ~~

       -3.955363
        2.069616
       -3.654128
        7.722214
       -2.183724



~~mtxPQ_Inv~~

       0.1013705



~~mtxP'R~~

    -0.002550238    -0.002550238    -0.002550238



~~mtxAlph~~

   -0.0002585188   -0.0002585188   -0.0002585188



~~mtxSolX~~

      0.08922925      0.08922925      0.08922925
      0.08325904      0.08325904      0.08325904
      0.08394926      0.08394926      0.08394926
      0.08841162      0.08841162      0.08841162
      0.09068133      0.09068133      0.09068133



~~mtxR~~

   -9.786058e-05   -9.786058e-05   -9.786058e-05
   -9.379291e-06   -9.379291e-06   -9.379291e-06
    3.216258e-05    3.216258e-05    3.216258e-05
   -2.202811e-06   -2.202811e-06   -2.202811e-06
    7.722952e-05    7.722952e-05    7.722952e-05



~~relative residue: 0.000058~~~ 



~~mtxZ~~

   -9.786058e-05   -9.786058e-05   -9.786058e-05
   -9.379291e-06   -9.379291e-06   -9.379291e-06
    3.216258e-05    3.216258e-05    3.216258e-05
   -2.202811e-06   -2.202811e-06   -2.202811e-06
    7.722952e-05    7.722952e-05    7.722952e-05



~~mtxQTZ~~

    6.447779e-05    6.447779e-05    6.447779e-05



~~mtxBta~~

   -6.536143e-06   -6.536143e-06   -6.536143e-06



~~mtxZ + p * beta~~

   -9.542035e-05   -9.542035e-05   -9.542035e-05
   -1.090013e-05   -1.090013e-05   -1.090013e-05
    3.455434e-05    3.455434e-05    3.455434e-05
   -7.263509e-06   -7.263509e-06   -7.263509e-06
    7.899653e-05    7.899653e-05    7.899653e-05



~~mtxP~~



~~mtxQ~~



~~mtxPQ_Inv~~



~~mtxP'R~~



~~mtxAlph~~



~~mtxSolX~~

      0.08922925      0.08922925      0.08922925
      0.08325904      0.08325904      0.08325904
      0.08394926      0.08394926      0.08394926
      0.08841162      0.08841162      0.08841162
      0.09068133      0.09068133      0.09068133



~~mtxR~~

   -9.786058e-05   -9.786058e-05   -9.786058e-05
   -9.379291e-06   -9.379291e-06   -9.379291e-06
    3.216258e-05    3.216258e-05    3.216258e-05
   -2.202811e-06   -2.202811e-06   -2.202811e-06
    7.722952e-05    7.722952e-05    7.722952e-05



~~relative residue: 0.000058~~~ 



~~mtxZ~~

   -9.786058e-05   -9.786058e-05   -9.786058e-05
   -9.379291e-06   -9.379291e-06   -9.379291e-06
    3.216258e-05    3.216258e-05    3.216258e-05
   -2.202811e-06   -2.202811e-06   -2.202811e-06
    7.722952e-05    7.722952e-05    7.722952e-05



~~mtxQTZ~~



~~mtxBta~~



~~mtxZ + p * beta~~

   -9.786058e-05   -9.786058e-05   -9.786058e-05
   -9.379291e-06   -9.379291e-06   -9.379291e-06
    3.216258e-05    3.216258e-05    3.216258e-05
   -2.202811e-06   -2.202811e-06   -2.202811e-06
    7.722952e-05    7.722952e-05    7.722952e-05



~~mtxP~~



~~mtxQ~~



~~mtxPQ_Inv~~



~~mtxP'R~~



~~mtxAlph~~



~~mtxSolX~~

      0.08922925      0.08922925      0.08922925
      0.08325904      0.08325904      0.08325904
      0.08394926      0.08394926      0.08394926
      0.08841162      0.08841162      0.08841162
      0.09068133      0.09068133      0.09068133



~~mtxR~~

   -9.786058e-05   -9.786058e-05   -9.786058e-05
   -9.379291e-06   -9.379291e-06   -9.379291e-06
    3.216258e-05    3.216258e-05    3.216258e-05
   -2.202811e-06   -2.202811e-06   -2.202811e-06
    7.722952e-05    7.722952e-05    7.722952e-05



~~relative residue: 0.000058~~~ 



~~mtxZ~~

   -9.786058e-05   -9.786058e-05   -9.786058e-05
   -9.379291e-06   -9.379291e-06   -9.379291e-06
    3.216258e-05    3.216258e-05    3.216258e-05
   -2.202811e-06   -2.202811e-06   -2.202811e-06
    7.722952e-05    7.722952e-05    7.722952e-05



~~mtxQTZ~~



~~mtxBta~~



~~mtxZ + p * beta~~

   -9.786058e-05   -9.786058e-05   -9.786058e-05
   -9.379291e-06   -9.379291e-06   -9.379291e-06
    3.216258e-05    3.216258e-05    3.216258e-05
   -2.202811e-06   -2.202811e-06   -2.202811e-06
    7.722952e-05    7.722952e-05    7.722952e-05



~~mtxP~~



~~After iteration~~

~~mtxX_Sol~~

      0.08922925      0.08922925      0.08922925
      0.08325904      0.08325904      0.08325904
      0.08394926      0.08394926      0.08394926
      0.08841162      0.08841162      0.08841162
      0.09068133      0.09068133      0.09068133